m = 0.5; 
l = 1.5; 
d = 0.2;
g = 9.81;

phi_0 = 10 / 180 * pi;
phi_dot_0 = 0;
